4.23831243 
4.23776992 
4.23970154
 4.23915902 
4.24336609 
4.24725211
 4.24859744 
4.2528187 
 4.25671295 
4.257361   
4.25845167 
4.25972605
 4.26011432 
4.26089925 
4.26474783 
4.26797695 
4.27113096 
4.26974961
 4.2703258  
4.27310429 
4.27541318 
4.27738332 
4.27848478 
4.27915473
 4.28249563 
4.2840237  
4.28494134 
4.28838181
 4.29194126
 4.29516352
 4.2967955  
4.30219884
 4.30614465
 4.30758698 
4.31140412 
4.31202594
 4.31443743 
4.31648072 
4.32015174 
4.32375281 
4.32451184 
4.32567147
 4.32916969 
4.3317661  
4.3338726 
 4.3348898  
4.3366896  
4.33858548
 4.3414283
  4.34571094 
4.34888055 
4.35124232 
4.35279851 
4.35450193
 4.35801789 
4.36054654 
4.36242433 
4.36554393 
4.36842658 
4.3706333
 4.37371883 
4.3776749  
4.38004069 
4.38158377 
4.38376488 
4.38591349
 4.38702612 
4.38837793 
4.3905394  
4.39206956 
4.39538784 
4.39741095
 4.40026562 
4.40226645 
4.40390339 
4.40792071 
4.40994448 
4.41200712
 4.41617042
 4.41858756 
4.42162309
 4.42388891
 4.42684271 
4.43000235
 4.43186902
 4.4342733  
4.43719964 
4.43904541 
4.44071644 
4.44227779
 4.44463124
 4.44684654 
4.44897418 
4.45130942 
4.4539288  
4.45608631
 4.46003378 
4.46332616 
4.46612681
 4.46861202
4.47029969 
4.47189758
 4.4760512
  4.47849048 
4.48085463 
4.48374069 
4.48790023 
4.48983814
 4.49186377
 4.49432389 
4.49881757 
4.50327653 
4.50601125 
4.50811956
 4.51036259 
4.51180857
 4.51407806 
4.51805923 
4.52073985 
4.52208913
 4.52591999
 4.52894484
 4.53111636 
4.53360026 
4.53616716 
4.53903069
 4.54166351
 4.54422896 
4.54518044 
4.5469369  
4.54944027 
4.55118369
 4.55345848 
4.55689539 
4.55983291 
4.5628131  
4.56438972 
4.56722952
 4.57043576 
4.57357157 
4.57619718 
4.57970269 
4.5832306  
4.58640159
 4.5895731 
 4.59140948
 4.59331913 
4.59599943 
4.59764375 
4.60100734
 4.60595931
 4.60937232 
4.61175967 
4.61365112 
4.61636572 
4.61961343
 4.62128945 
4.62385479 
4.62668532 
4.6300701  
4.63256743 
4.63709181
 4.64036737 
4.64406648 
4.64689027 
4.65001582 
4.65307192 
4.65610778
 4.65883422
 4.66043039 
4.66299379 
4.66478164 
4.66790901 
4.67053384
 4.67343576 
4.67642459 
4.67893119 
4.68151198 
4.68428286 
4.68648952
 4.69014567
 4.6918264  
4.69587225 
4.69832183 
4.70100425 
4.7030541
 4.70543461 
4.70828375 
4.71142899 
4.71379466 
4.71628711 
4.71865142
 4.72065046
 4.72411291
4.72685501 
4.7294018  
4.73266192 
4.73551959
 4.73801033
 4.74179815 
4.74565237 
4.74837116 
4.75158987 
4.75411848
 4.75629495
 4.75987019 
4.76299874 
4.76657707 
4.76935853 
4.77376406
 4.77662795 
4.78029479 
4.78309553 
4.78565436 
4.7887175  
4.79161316
 4.79485542 
4.79817618 
4.80168157 
4.80450712 
4.80733933 
4.80966627
 4.81227976 
4.81518874 
4.81858393 
4.82153656 
4.82409576 
4.82821321
 4.83041887
 4.83254642 
4.83631167 
4.83941694 
4.84309828 
4.84627599
 4.84874883 
4.8515073 
 4.85396529 
4.85768763 
4.85983768 
4.86351453
 4.86668144
 4.8703658 
4.87233981 
4.87505024 
4.87786135 
4.88054544
 4.88328375
 4.88585973
 4.88896888 
4.89323293
 4.89629059
 4.89975334
 4.90149079
 4.90464252 
4.90802607 
4.91163672 
4.91521048
 4.91874828
 4.92200128
 4.9250142  
4.92861817